60
94
192
236
246
295
314
351
473
678
911
951
1108
1288
1396
1578
1610
1741
2073
2225
2353
2491
2629
2633
2654
2693
2709
2885
3049
3084
3206
3247
3253
3454
3541
3651
3699
3797
3877
4106
4336
4448
4474
4595
4774
4938
5116
5411
5478
5685
5753
6073
6085
6130
6264
6265
6322
6381
6434
6439
6475
6572
6662
6811
6895
6968
7255
7339
7435
7463
7495
7615
7845
7849
7853
7883
7886
7989
8004
8098
8137
8328
8399
8645
8654
8761
8781
8890
8949
8985
9027
9118
9218
9406
9440
9494
9618
9750
9839
9913
10132
10186
10437
10549
10598
10758
10819
10820
10847
10967
10978
10989
10997
11064
11101
11189
11228
11396
11453
11596
11638
11698
11703
11822
11976
12072
12177
12541
12616
12807
12828
12862
12926
13150
13517
13532
13875
13897
13953
14039
14158
14635
14796
14865
15007
15010
15017
15159
15293
15390
15418
15493
15615
15665
15687
15700
15717
15730
15870
15892
15897
16005
16137
16279
16338
16403
16656
17068
17528
17684
17817
18116
18229
18255
18345
18368
18398
18547
18588
18746
18877
18974
19028
19133
19286
19379
19456
19893
19922
20009
20068
20116
20152
20344
20761
20886
20928
20995
21122
21216
21344
21411
21758
21834
21848
21926
21982
22077
22134
22228
22390
22398
22692
22718
22726
22861
22905
22912
22950
23042
23056
23181
23427
23514
23723
23749
23836
23876
24066
24071
24111
24132
24183
24293
24566
24918
24924
24937
25099
25104
25159
25194
25424
25590
25732
25815
25914
25935
25969
26037
26209
26223
26238
26290
26308
26494
26507
26578
27080
27119
27207
27309
27418
27432
27434
27578
27586
27719
27797
27811
27968
28012
28025
28050
28091
28113
28136
28330
28342
28464
28499
28500
28554
28574
28738
29197
29533
29668
29703
29943
29977
30040
30125
30144
30225
30321
30650
30938
30990
31145
31284
31314
31363
31502
31742
31877
31985
32073
32168
32321
32428
32450
32535
32569
32575
32783
32935
33148
33255
33514
33524
33939
34041
34070
34242
34325
34442
34570
34617
34886
35231
35391
35442
35450
35559
35616
35778
35839
35865
36084
36306
36571
36913
36944
37055
37114
37195
37562
37814
37871
38088
38114
38130
38230
38296
38475
38582
38590
38597
38618
38645
38663
38690
38724
38782
38964
39120
39124
39200
39234
39367
39374
39467
39470
39770
39773
39898
39920
40140
40181
40317
40440
40521
40582
40732
40771
40881
41056
41077
41137
41226
41373
41455
41483
41575
41742
41805
42240
42305
42376
42395
42398
42633
42670
42758
43059
43170
43407
43453
43739
43842
43965
43999
44002
44179
44224
44270
44292
44433
44543
44963
44987
45119
45172
45179
45211
45272
45407
45448
45604
45810
45842
45850
46179
46472
46474
46479
46505
46691
46939
47091
47200
47211
47243
47254
47472
47788
47791
48019
48046
48080
48361
48431
48742
48750
48969
49004
49206
49307
49411
49445
49534
49562
49571
49651
49763
49937
50170
50366
50446
50459
50556
50564
50599
50855
50874
51178
51777
51842
51921
52115
52218
52547
52585
52715
52725
52842
53089
53123
53139
53459
53465
53715
53741
53764
53784
53800
53904
54025
54097
54153
54195
54333
54532
54656
54732
54806
54928
55174
55182
55227
55241
55252
55351
55403
55450
55460
55467
55548
55652
55693
55717
55767
56368
56480
56775
56863
56871
56929
57202
57265
57452
57513
57522
57635
57643
57806
57880
57904
58154
58324
58349
58354
58362
58369
58538
58625
58636
58697
59048
59094
59278
59323
59390
59561
59609
59617
59716
59799
59943
59999
60035
60036
60300
60317
60358
60570
60687
60695
60778
60785
60911
61166
61209
61321
61412
61560
61722
62035
62096
62123
62239
62245
62289
62339
62346
62357
62526
62683
62698
62767
62787
62883
62913
63100
63322
63346
63359
63447
63720
64036
64099
64364
64432
64489
64541
64681
64750
64882
64959
65144
65187
65491
65835
65864
66138
66200
66244
66312
66338
66346
66405
66617
66994
67052
67078
67081
67083
67407
67427
67460
67482
67576
67810
68088
68178
68222
68256
68529
68537
68576
68685
68875
68901
69127
69191
69281
69498
69506
69516
69708
70026
70080
70318
70502
70523
70609
70790
70861
70871
70900
70911
71130
71136
71213
71237
71351
71423
71475
71744
71761
71794
71824
71845
71883
72434
72545
72559
72779
72922
73068
73097
73153
73242
73285
73396
73967
74009
74130
74267
74538
74578
74622
74760
74792
74796
74807
74905
74911
74913
74939
74958
74981
75055
75383
75414
75457
75580
75633
75950
76103
76184
76268
76480
76496
76722
76838
76842
76909
76975
76991
77096
77194
77331
77528
77631
77893
78058
78068
78176
78179
78242
78376
78536
78688
78815
78904
78978
79002
79171
79229
79314
79436
79524
79556
79641
79702
79888
81032
81038
81179
81184
81189
81205
81333
81350
81412
81418
81457
81513
81606
81613
81622
81709
81821
81918
81997
82009
82181
82185
82212
82445
82658
82696
82810
82844
82910
82973
83047
83127
83199
83202
83338
83382
83416
83577
83737
83812
83833
83836
83857
83884
83907
83979
84066
84078
84195
84489
84505
84575
84838
84851
84965
85087
85385
85529
85650
85784
85817
86046
86101
86113
86158
86206
86405
86466
86478
86566
86677
86815
86834
86935
86978
87002
87003
87005
87042
87092
87220
87270
87399
87575
87763
87885
87928
88039
88068
88250
88309
88323
88378
88388
88391
88419
88911
88976
88996
89026
89036
89438
89721
89726
89734
89790
89905
89980
90001
90021
90225
90339
90733
90787
90816
90824
90935
90957
91094
91140
91244
91360
91554
91660
91905
91910
91954
91974
92120
92128
92198
92259
92288
92448
92568
92634
92899
92972
93010
93015
93147
93191
93388
93615
93640
93659
93988
94100
94182
94251
94462
94707
94917
95030
95072
95142
95233
95339
95357
95409
95624
95635
95806
95878
95926
96027
96072
96262
96280
96364
96372
96431
96557
96591
96622
96651
96801
96846
96913
96931
97274
97386
97489
97525
97529
97801
98137
98186
98252
98273
98338
98390
98540
98573
98717
98830
98841
98864
98953
99067
99200
99204
99364
99383
99568
99706
99737
99960
100031
100035
100129
100144
100158
100170
100218
100265
100358
100377
100389
100423
100545
100741
100833
100839
100974
101176
101361
101477
101481
101496
101576
101689
101708
101750
101842
102152
102187
102389
102408
102476
102550
102581
102714
102748
102846
102964
103241
103292
103332
103341
103422
103462
103583
103688
103828
103864
103978
104176
104226
104279
104420
104510
104514
104531
104579
104754
104778
104813
104978
105196
105553
105698
105880
106003
106022
106239
106285
106399
106412
106456
106498
106562
106609
106747
106825
107221
107441
107615
107971
108063
108111
108168
108176
108198
108358
108379
108535
108651
108682
108792
108909
109131
109168
109197
109281
109404
109527
109582
109641
109743
109760
110096
110136
110255
110311
110375
110404
110635
110746
110772
110891
110918
111033
111089
111093
111410
111411
111538
111727
111729
111744
111943
112007
112224
112318
112442
112552
112606
112694
112724
112728
112740
112962
112969
112975
113082
113646
113656
113689
113705
113748
113806
113878
113896
113951
113991
114131
114197
114261
114550
114627
114687
114721
114791
114991
115046
115539
115589
115694
116025
116264
116561
116581
116636
116766
116772
116886
116901
116955
117065
117080
117110
117128
117154
117168
117561
117569
117579
117668
117737
117933
118064
118170
118251
118261
118313
118516
118620
118778
118920
119107
119310
119433
119611
119625
119729
119905
119998
120094
120108
120197
120510
120524
120668
120818
120824
120826
120949
121001
121078
121548
121596
121995
122243
122246
122436
122511
122557
122588
122612
122622
122662
122744
123006
123031
123117
123119
123160
123168
123181
123251
123579
123596
123640
123847
124031
124054
124097
124168
124519
124586
124609
124665
124668
124784
124947
125005
125119
125327
125490
125511
125526
125610
125885
126109
126135
126264
126272
126295
126476
126538
126544
126821
126870
126967
126977
127028
127082
127112
127189
127311
127405
127436
127554
127708
127896
128068
128078
128123
128334
128380
128675
128716
128898
129226
129250
129254
129328
129386
129421
129452
129529
129606
129653
129898
129962
130071
130135
130167
130210
130313
130320
130477
130598
130710
131155
131263
131512
131639
132147
132272
132349
132651
132666
132690
132720
132790
132926
133065
133187
133219
133241
133267
133333
133389
133746
133793
133816
133858
134046
134104
134225
134361
134371
134433
134438
134516
134613
134666
134891
135069
135192
135217
135265
135309
135662
135722
135974
136096
136280
136480
136520
136693
136710
136789
136963
137013
137113
137171
137264
137531
137755
137803
138041
138237
138337
138551
138573
138626
138676
138723
138818
138902
139107
139143
139259
139290
139347
139466
139556
139621
139634
139724
139909
139935
139936
140097
140156
140163
140241
140341
140370
140385
140398
140543
140621
140701
140744
140905
140975
141040
141073
141099
141223
141417
141441
141448
141576
141610
142086
142553
142717
142813
142943
143097
143525
143538
143582
143644
143740
143905
144049
144078
144111
144364
144399
144402
144457
144513
144520
144559
144581
144663
144680
144715
144772
144842
144863
144921
144945
144981
145023
145034
145076
145193
145252
145374
145388
145643
145704
145710
145724
146066
146188
146307
146454
146455
146463
146559
146612
146630
146694
146704
146806
146977
146999
147167
147214
147460
147470
147482
147641
147754
147907
148162
148360
148401
148462
148566
148595
148683
148798
148811
148869
149073
149098
149132
149181
149559
149701
149895
150151
150224
150225
150245
150298
150310
150314
150382
150384
150395
150463
150493
150572
150693
150726
150835
151019
151065
151452
151596
152013
152102
152249
152277
152400
152466
152535
152740
152776
152846
153094
153108
153267
153330
153476
153483
153510
153566
153844
154094
154116
154152
154276
154426
154436
154538
154620
154624
154633
154893
155014
155052
155069
155102
155195
155222
155257
155315
155347
155350
155375
155413
155430
155457
155590
155600
155620
155722
155748
155890
155892
156062
156104
156198
156477
156502
156645
156684
156804
156854
156867
156911
157004
157023
157028
157265
157563
157585
157611
157615
157667
157909
158042
158059
158203
158245
158336
158346
158562
158634
158706
158770
158778
158786
158878
158933
159010
159159
159162
159201
159456
159495
159614
160246
160282
160318
160515
160522
160551
160641
160805
160972
160992
161159
161310
161425
161446
161533
161654
161773
162020
162021
162045
162726
162838
162935
162999
163009
163114
163223
163233
163319
163329
163390
163590
163597
163606
163633
163702
163740
164088
164107
164198
164206
164240
164393
164437
164537
164650
164755
165067
165074
165375
165467
165669
165846
166093
166246
166280
166353
166484
166524
166606
166629
166748
166759
166878
166929
167101
167158
167267
167339
167516
167518
167619
167711
167851
167903
167932
167955
168098
168320
168329
168568
168639
168700
168704
168730
168741
168784
168841
168943
169223
169384
169390
169415
169468
169563
169611
169619
169808
169951
169995
169997
170180
170231
170325
170480
170553
170673
170713
170732
170797
170866
170957
171321
171394
171475
171705
171779
171859
171957
172351
172456
172545
172767
172774
173021
173396
173447
173459
173691
173699
173838
173957
174059
174222
174669
174684
174700
174883
174918
174939
175154
175167
175175
175269
175358
175587
175601
175762
175935
176219
176482
176653
176717
176746
176771
176800
176805
177102
177110
177134
177343
177344
177430
177472
177698
177964
178034
178149
178268
178296
178356
178600
178700
178997
179006
179442
179669
179708
179749
179768
179815
179991
180142
180166
180167
180388
180463
180657
180857
180996
180999
181138
181178
181245
181349
181369
181489
181740
181757
181844
181856
181974
181982
182127
182185
182200
182231
182242
182251
182556
182630
182668
182676
182793
182835
182948
183204
183322
183403
183491
183512
183551
183561
183610
183838
183963
184008
184217
184228
184327
184556
184595
184627
184947
184952
185003
185165
185347
185411
185419
185661
185665
185707
185786
186371
186480
186557
186732
186816
186945
187047
187298
187311
187449
187651
187721
187948
188029
188050
188103
188592
188711
188766
188767
188770
189024
189288
189345
189391
189476
189778
189829
189896
189918
189942
190117
190181
190311
190393
190501
190580
190592
190640
190733
190825
190932
191223
191324
191330
191528
191536
191698
191854
191914
191945
192095
192207
192269
192297
192423
192547
192570
192662
192680
192762
192791
192932
193144
193244
193291
193308
193375
193492
193502
193683
193724
193742
193800
193847
193912
193965
193982
194002
194023
194144
194231
194274
194441
194501
194509
194542
194581
194595
194606
194624
194809
194865
194934
194975
195200
195211
195396
195439
195527
195588
195618
195670
195739
195815
195819
196166
196339
196362
196389
196427
196452
196510
196513
196572
196784
197040
197058
197068
197106
197173
197253
197344
197470
197594
197651
197653
197742
197755
197825
197869
197919
197946
198047
198258
198680
198783
198792
198979
199124
199419
199452
199511
199693
199881
200018
200045
200112
200270
200384
200440
200501
200530
200662
200781
200822
200849
200868
200916
200929
200985
201139
201165
201306
201370
201411
201467
201574
201770
201820
202070
202090
202125
202325
202371
202373
202417
202434
202631
202670
202692
202746
202930
203071
203096
203172
203258
203270
203538
203672
203792
203826
203915
203941
203962
203963
204161
204223
204342
204444
204531
204560
204658
204716
204942
205232
205314
205330
205342
205436
205491
205508
205536
205584
205634
205733
205786
205877
205981
205989
205998
206006
206101
206102
206125
206135
206183
206201
206219
206458
206460
206508
206661
206755
207043
207051
207275
207690
207854
207859
207928
208162
208405
208737
208776
208895
208966
209037
209250
209289
209333
209351
209378
209403
209502
209544
209696
209723
209759
209834
209899
210390
210434
210533
210700
210815
210858
210883
211100
211149
211291
211321
211336
211394
211509
211608
211762
211772
211867
212065
212230
212527
212573
212685
212865
213215
213236
213309
213388
213514
213833
213931
213935
214011
214050
214617
214741
214911
214988
215012
215082
215093
215099
215212
215396
215511
215556
215621
215698
215782
216009
216083
216387
216425
216516
216619
216733
216759
216841
217006
217009
217062
217146
217584
217614
217641
217893
217920
217974
218012
218112
218222
218241
218318
218360
218589
218621
218641
218671
218687
218887
219007
219096
219234
219243
219477
219489
219510
219696
219807
220276
220522
220539
220721
220755
220797
220813
220939
221150
221226
221319
221341
221527
221688
221727
221824
221891
222147
222272
222501
222590
222758
222765
222950
222966
223122
223251
223268
223326
223408
223670
223971
224100
224114
224128
224461
224522
224578
224894
224948
224993
225019
225079
225088
225246
225434
225461
225582
225587
225696
226014
226127
226343
226495
226562
226633
226672
226776
226867
227350
227501
227516
227541
227551
227652
227681
227881
227915
227986
227993
228018
228073
228096
228515
228555
228579
228595
228720
228785
229201
229283
229298
229502
229518
229826
229869
229938
230188
230234
230474
230533
230661
231086
231142
231355
231394
231719
231750
231752
231953
232018
232032
232145
232148
232180
232247
232393
232568
232598
232639
232658
232937
232966
233099
233127
233635
233801
233845
233869
233980
234048
234055
234072
234199
234255
234303
234317
234342
234373
234415
234500
234596
234684
234685
234836
234888
235094
235230
235269
235339
235394
235397
235411
235421
235502
235590
235635
235835
236019
236174
236527
236670
236715
236806
236864
236928
237005
237056
237109
237410
237536
237607
237626
237706
237769
237868
238077
238119
238174
238195
238199
238229
238239
238341
238381
238448
238457
238462
238520
238536
238607
238640
238684
239104
239150
239195
239267
239286
239337
239667
239771
239784
239926
240035
240056
240259
240278
240363
240579
240584
240616
240630
240784
240869
240925
240953
241113
241185
241264
241930
241958
242055
242074
242087
242168
242205
242230
242556
242720
242732
242935
242986
243081
243200
243945
244029
244038
244267
244284
244308
244325
244505
244789
244832
244869
245123
245291
245308
245452
245579
245608
245866
245906
246116
246180
246277
246337
246340
246488
246507
246540
246675
246763
246789
247091
247123
247132
247153
247265
247402
247407
247783
247924
248502
248554
248572
248598
248737
248833
248919
248992
249009
249157
249165
249298
249358
249367
249610
249611
249858
249867
250009
250081
250147
250284
250309
250497
250618
250712
250798
250806
250823
251055
251103
251154
251197
251248
251277
251312
251362
251409
251526
251537
251683
251762
251794
251800
251813
251916
251925
252055
252150
252256
252353
252361
252498
252578
252605
252810
252881
253034
253103
253144
253146
253218
253244
253292
253349
253386
253628
253650
253685
253712
253753
253780
253798
253855
254012
254121
254433
254465
254654
254685
254766
254834
254851
255082
255086
255154
255355
255397
255496
255566
255604
255667
255768
255809
255824
255979
256077
256286
256572
256577
256591
256708
257230
257264
257569
257570
257595
257596
257612
257947
258091
258152
258192
258455
258497
258733
258745
258800
258997
259009
259073
259202
259309
259325
259399
259416
259420
259451
259556
259716
259835
260176
260186
260233
260330
260392
260439
260467
260480
260519
260526
260629
260700
260725
260726
260785
260801
260840
260879
261086
261089
261106
261210
261228
261391
261445
261465
261467
261523
261553
261576
261737
261761
261810
261925
262028
262109
262306
262395
262400
262488
262500
262532
262598
262666
262847
262905
263029
263042
263348
263459
263821
263851
263921
263947
263990
264030
264187
264204
264332
264337
264348
264566
264634
264747
264765
264858
264915
264993
265029
265059
265235
265385
265621
265767
265874
266030
266085
266279
266430
266446
266679
266933
267098
267130
267253
267424
267448
267613
267619
267672
267707
267895
268048
268055
268187
268227
268265
268266
268318
268511
268923
269031
269360
269373
269551
269662
269783
269962
269999
270024
270135
270238
270240
270427
270469
270486
270602
270808
271308
271467
271519
271824
271838
271888
272073
272155
272222
272325
272454
272457
272654
272718
272816
273077
273151
273278
273306
273360
273450
273688
273733
273741
273811
273901
273983
274003
274016
274206
274241
274247
274337
274431
274491
274558
274731
274929
274938
275029
275110
275173
275483
275670
275896
275908
275957
275981
276135
276192
276225
276406
276427
276472
276736
277012
277192
277235
277259
277355
277437
277484
277599
277606
277751
278045
278107
278121
278124
278165
278329
278486
278534
278831
278940
279125
279141
279166
279273
279346
279441
279467
279506
279846
279883
280042
280119
280123
280255
280711
280953
281215
281216
281233
281362
281395
281474
281672
281711
281858
282034
282045
282057
282090
282161
282275
282348
282420
282491
282537
282620
282640
282709
282885
282931
283216
283263
283275
283338
283388
283602
283670
283828
283879
284154
284339
284429
284581
284737
284964
285001
285243
285344
285492
285717
285778
285810
285915
285975
286067
286103
286430
286456
286504
286722
286786
286798
286801
286846
286864
286866
286872
286908
286946
287098
287167
287386
287474
287475
287551
287861
287883
288119
288287
288417
288654
288709
288812
288936
289027
289075
289256
289263
289489
289502
289646
289879
289893
290208
290240
290309
290328
290372
290382
290576
290582
290646
290817
290902
290914
290931
290991
291259
291574
291579
291631
291686
291847
291852
291990
292091
292103
292347
292348
292351
292613
292708
292768
292790
293251
293313
293353
293419
293492
293506
293604
293641
293828
293877
293931
293939
293992
294086
294253
294342
294461
294713
294773
294847
295198
295375
295801
295802
295922
295930
295991
296024
296155
296173
296215
296356
296387
296415
296448
296481
296487
296528
296600
296779
296960
296964
297120
297169
297283
297293
297354
297411
297495
297801
297887
297950
297978
298012
298057
298100
298271
298315
298370
298533
298640
298706
298755
298781
299119
299168
299232
299328
299422
299435
299501
299648
300103
300151
300154
300213
300428
300442
300671
300898
301107
301155
301188
301242
301388
301442
301537
301595
301612
301641
301951
302128
302154
302284
302443
302483
302767
302816
303032
303046
303168
303247
303295
303427
303604
303939
303981
304004
304138
304185
304311
304418
304431
304458
304504
304540
304785
304824
304902
304936
304962
305093
305131
305155
305207
305464
305501
305588
305646
305866
305904
305981
306114
306119
306186
306230
306345
306365
306377
306386
306388
306529
306633
306654
306723
306800
306846
306915
306983
307043
307258
307282
307330
307470
307551
307605
307639
307721
307920
308042
308248
308274
308379
308410
308542
308628
308740
308873
308916
309206
309415
309532
309692
309798
310414
310457
310529
310653
310697
311040
311052
311187
311280
311371
311381
311482
311500
311774
311843
311866
311928
312100
312224
312292
312464
312541
312586
312808
312854
312890
313250
313292
313294
313325
313329
313334
313466
313688
313767
313935
313950
314015
314241
314344
314481
314560
314775
315108
315274
315275
315454
315469
315577
315743
315925
316121
316130
316153
316264
316266
316272
316875
316906
316916
316926
316988
317128
317160
317369
317475
317729
317834
318100
318115
318121
318133
318172
318469
318487
318516
318609
318757
318761
318782
319361
319457
319460
319462
319515
319590
319724
319990
320060
320108
320134
320174
320232
320262
320269
320319
320401
320430
320543
320585
320699
320870
320899
320917
320923
320971
321009
321012
321096
321155
321359
321407
321500
321530
321573
321698
321702
321749
321891
321929
322026
322880
322881
323122
323138
323282
323286
323291
323432
323514
323771
323817
323906
323928
324006
324106
324115
324150
324313
324342
324408
324456
324694
324695
324906
324954
324967
325061
325081
325084
325092
325267
325380
325512
325613
325657
325660
325751
325795
325813
325967
325998
326005
326120
326403
326430
326553
326756
326925
326932
327065
327102
327123
327197
327237
327325
327379
327474
327566
327644
327681
327693
327936
328066
328230
328247
328333
328383
328486
328535
328636
328646
328673
328922
328933
328948
329135
329257
329356
329524
329602
329656
329671
329747
329814
329999
330077
330440
330664
330833
330839
330919
330937
330988
331113
331180
331294
331444
331487
331500
331596
331684
331813
331837
331841
332006
332079
332093
332127
332169
332194
332231
332508
332510
332568
332570
332708
332791
332912
332971
333021
333117
333130
333134
333457
333567
333622
333650
333682
333787
333892
333965
334074
334137
334439
334687
334794
335028
335116
335206
335209
335246
335474
335483
335788
335789
335903
336039
336097
336300
336326
336344
336348
336557
336835
336866
336952
337020
337026
337046
337173
337174
337264
337283
337309
337325
337354
337414
337508
337572
337589
337599
337603
337615
337827
337880
337994
338039
338176
338321
338551
338631
338666
338712
338843
338863
338949
339013
339143
339345
339623
339836
339988
340022
340065
340072
340216
340267
340269
340281
340339
340409
340414
340464
340471
340667
340692
340703
340738
340984
340998
341023
341160
341304
341536
341733
341821
341925
342187
342196
342367
342536
342718
342733
342855
342871
342905
342923
343108
343273
343305
343509
343527
343910
344105
344196
344727
344734
344748
344755
344757
344813
344886
345001
345139
345180
345238
345259
345416
345518
345563
345864
346074
346118
346125
346386
346478
346549
346601
347017
347073
347324
347600
347885
347983
348025
348177
348325
348339
348418
348468
348483
348685
348777
348830
348846
348983
348995
349031
349320
349332
349334
349342
349459
349742
349812
349857
349910
349934
349938
349958
350110
350398
350420
350620
350801
350897
351027
351039
351103
351335
351449
351510
351523
351713
351817
351902
351930
351961
352197
352291
352352
352391
352455
352474
352563
352752
352814
352876
352891
352894
353033
353043
353155
353316
353378
353464
353549
353579
353780
353967
354060
354132
354180
354190
354315
354447
354504
354765
354930
354947
354956
354981
355141
355287
355385
355510
355551
355631
355700
355761
355875
356129
356414
356700
356958
356989
357027
357043
357048
357063
357098
357372
357413
357423
357489
357568
357631
357758
357780
357785
357850
357851
358104
358255
358363
358364
358515
358586
358709
358713
358906
358993
359036
359043
359086
359182
359212
359299
359306
359424
359444
359467
359522
359838
359862
359952
360283
360397
360479
360495
360757
360909
361016
361027
361164
361230
361236
361513
361533
361717
361742
361759
361821
361835
361839
362114
362144
362160
362419
362426
362475
362483
362496
362618
362998
363119
363176
363315
363406
363602
363821
363898
364027
364044
364078
364133
364355
364577
364579
364604
364669
364722
364870
364896
365051
365286
365291
365329
365337
365396
365427
365618
366087
366191
366361
366516
366609
366892
367050
367064
367276
367404
367521
367610
367757
367821
367945
368284
368336
368370
368407
368517
368685
368947
368989
369145
369244
369283
369348
369412
369423
369790
369863
369936
370022
370129
370179
370279
370318
370332
370471
370549
370556
370709
370902
370919
370931
371036
371058
371079
371286
371291
371367
371424
371529
371658
371660
371735
371773
371853
371918
372106
372122
372142
372226
372332
372428
372519
372679
372756
372897
372917
372964
373042
373376
373830
373868
373938
374031
374127
374438
374530
374532
374534
374568
374902
374997
375285
375336
375369
375383
375438
375445
375481
375579
375654
375799
375967
376016
376699
376707
376792
376899
376980
377026
377095
377105
377127
377244
377299
377435
377486
377684
377773
377796
377797
378097
378098
378192
378202
378252
378353
378430
378489
378563
378709
378712
378832
378835
378892
378902
378946
379022
379252
379297
379357
379398
379421
379449
379546
379738
379834
379835
379980
380026
380257
380302
380569
380573
380771
380875
380940
380966
381027
381308
381394
381416
381528
381538
381576
381614
381833
381898
381971
381979
382032
382036
382072
382503
382559
382662
382867
382902
383091
383209
383222
383602
383615
383806
383828
383839
383921
383994
384031
384036
384067
384494
384527
384696
384802
385014
385287
385492
385506
385683
385880
385938
385977
386177
386244
386276
386356
386425
386513
386636
386803
386890
386983
387077
387191
387389
387426
387630
387659
387702
387770
387804
387819
387834
387848
387950
388145
388314
388476
388580
388683
388805
388862
388946
388978
389065
389165
389233
389307
389327
389359
389429
389485
389800
389856
389858
389975
390182
390271
390315
390354
390366
390369
390446
390625
390799
390842
390849
390861
390915
391009
391080
391082
391131
391133
391174
391378
391402
391407
391413
391556
391698
391735
391741
392027
392170
392240
392463
392508
392533
392547
392655
392752
392896
392916
392983
393084
393324
393482
393604
393768
393780
394332
394347
394478
394493
394625
394681
394795
394888
394962
395157
395268
395281
395425
395434
395521
395535
395575
395774
395909
396001
396115
396128
396742
397236
397278
397335
397344
397379
397681
397816
397855
398008
398071
398254
398258
398261
398539
398562
398585
398672
398693
398745
398792
399130
399131
399271
399472
399491
399604
399609
399620
399646
399707
399775
399913
399954
399959
399997
400203
400316
400502
400708
400857
400886
400888
400909
400955
400980
401572
402009
402144
402316
402332
402335
402501
402548
402633
402652
402739
402746
403069
403076
403161
403219
403236
403392
403425
403478
403491
403551
403583
403588
403596
403674
403705
403804
403805
404037
404049
404055
404408
404509
404945
404961
404962
405041
405303
405317
405349
405372
405430
405474
405586
405672
405752
405763
405825
405948
406472
406882
406892
407018
407264
407266
407321
407980
408147
408295
408402
408456
408613
408631
408678
408692
408783
408997
409003
409203
409222
409235
409337
409422
409568
409617
409832
409987
410184
410252
410264
410317
410494
410863
410928
411003
411144
411166
411204
411450
411573
411629
411749
411752
411777
411916
412050
412271
412297
412631
412634
412736
412821
413076
413093
413206
413210
413418
413634
413718
414040
414059
414060
414075
414282
414462
414489
414578
414766
414868
414976
415022
415094
415095
415258
415384
415465
415688
415739
415976
416014
416025
416034
416050
416055
416389
416488
416543
416610
416615
416644
416704
416800
416840
416856
417011
417119
417135
417296
417455
417513
417606
417743
417800
417877
417911
417946
417973
418061
418127
418320
418409
418446
418566
418713
418933
418961
418994
419003
419073
419162
419171
419430
419461
419564
419892
419974
420174
420287
420363
420373
420511
420549
420646
420665
420666
420670
420683
420725
420758
420937
421116
421134
421253
421288
421342
421362
421502
421640
421706
421741
421847
421955
421977
422091
422139
422166
422389
422547
422553
422778
422785
422843
422858
422867
422945
422993
423332
423618
423645
423649
423712
423897
423953
424009
424035
424277
424300
424304
424443
424447
425138
425188
425306
425310
425409
425439
425641
425651
425776
425990
425992
426158
426226
426252
426280
426344
426373
426384
426390
426408
426475
426525
426533
426618
426683
426712
426807
427073
427120
427177
427210
427221
427367
427593
427709
427772
427793
427986
428031
428210
428290
428338
428498
428751
428814
428817
428951
428996
429182
429211
429544
429622
429701
430026
430053
430095
430155
430499
430556
430643
430693
430849
430868
431064
431080
431139
431383
431498
431669
431689
431694
431960
432001
432040
432069
432092
432106
432181
432192
432238
432299
432340
432530
432662
432690
432866
432893
432895
432931
433032
433125
433284
433339
433437
433471
433617
433710
433711
433843
433855
433944
434007
434057
434107
434108
434168
434191
434277
434298
434310
434360
434362
434507
434528
434534
434587
434604
434616
434727
434774
434837
434973
435262
435330
435351
435639
435654
435666
435672
435774
435946
435956
436049
436052
436119
436199
436287
436442
436769
436917
437155
437420
437535
437537
437596
437772
437852
438166
438187
438262
438321
438346
438391
438582
438658
438796
438968
439059
439132
439211
439249
439277
439283
439362
439465
439483
439490
439696
439772
439807
439812
439978
440035
440175
440191
440280
440304
440341
440410
440413
440454
440497
440573
440601
440615
440655
440677
440763
440859
441018
441063
441127
441219
441221
441281
441398
441412
441810
441953
441988
442118
442243
442552
442640
442652
442696
442699
442805
443038
443135
443339
443359
443545
443802
443817
443910
443917
443978
444161
444202
444223
444254
444289
444332
444971
445050
445113
445123
445135
445170
445248
445281
445294
445412
445466
445808
445933
446063
446286
446348
446415
446508
446535
446579
446750
447015
447366
447509
447537
447833
447838
448139
448150
448213
448258
448292
448355
448435
448448
448503
448581
448627
448756
448952
449070
449439
449459
449610
449670
449864
449891
449998
450080
450249
450399
450403
450440
450671
451076
451220
451329
451622
451784
451943
451956
452040
452056
452702
452763
452768
452770
453022
453157
453223
453237
453256
453366
453442
453447
453646
453801
453816
453884
453910
453924
454095
454111
454315
454368
454443
454462
454515
454564
454615
454619
454743
454757
454762
454838
454860
454881
454898
455047
455212
455434
455515
455656
455709
455963
455992
456057
456155
456439
456544
456567
456573
456615
456710
456760
456809
456868
456887
456895
456946
456992
457147
457155
457174
457372
457414
457572
457875
458031
458035
458127
458190
458308
458415
458666
458788
458860
458962
459050
459229
459374
459603
459640
459740
459808
459957
460006
460033
460050
460156
460181
460279
460310
460418
460464
460548
460691
460886
460928
461068
461098
461202
461269
461320
461334
461363
461674
462061
462282
462325
462335
462360
462361
462647
462733
462759
462882
462970
463025
463054
463158
463162
463267
463294
463318
463395
463407
463697
463732
463762
463833
463971
464196
464210
464371
464555
464841
464900
465006
465077
465133
465332
465489
465507
465581
465687
465715
465720
465747
465778
466369
466417
466616
466618
466622
466789
466792
466845
466884
466905
466982
467128
467282
467441
467602
467638
467817
467890
467992
468141
468284
468324
468340
468446
468802
468978
469000
469080
469152
469156
469385
469441
469544
469607
469626
470007
470054
470088
470133
470144
470248
470325
470410
470606
470761
470914
470926
470931
470996
471031
471034
471040
471189
471468
471513
471659
471924
471939
472009
472113
472152
472369
472437
472699
472803
472857
472947
473076
473137
473831
473958
473967
474099
474187
474306
474507
474627
474902
475100
475381
475561
475603
475626
475721
475865
475878
476015
476278
476409
476640
476948
477004
477086
477319
477437
477547
477656
478096
478200
478262
478315
478497
478757
478859
478894
479049
479106
479170
479202
479304
479318
479359
479388
479538
479781
479835
479839
479887
479941
480039
480052
480108
480157
480195
480332
480339
480347
480368
480399
480477
480614
480694
480712
480840
480877
480891
480918
480944
481006
481157
481170
481347
481720
482072
482079
482209
482375
482397
482426
482437
482438
482479
482520
482558
482598
482803
482832
482848
482856
482876
482882
482989
483000
483001
483048
483104
483106
483225
483358
483485
483745
483774
483909
483918
483974
484088
484309
484310
484332
484412
484429
484493
484572
484674
484675
484710
484940
484979
485197
485250
485402
485441
485487
485503
485748
485762
485929
485956
486005
486039
486052
486086
486220
486241
486351
486412
486642
486660
486693
486812
486873
487148
487206
487287
487305
487387
487526
487648
487697
487877
488059
488199
488233
488243
488263
488415
488574
488682
488795
488800
488840
488879
489028
489035
489172
489334
489447
489689
489819
489859
490018
490049
490255
490289
490466
490528
490564
490663
490668
490716
490736
491048
491056
491184
491338
491348
491398
491481
491553
491598
491866
491873
492230
493222
493247
493563
493666
493794
493856
493867
493954
494037
494066
494069
494129
494193
494271
494381
494476
494547
494674
494694
494750
494876
494963
495066
495094
495152
495268
495348
495424
495596
495625
495728
495750
495765
495772
495970
496152
496182
496200
496203
496276
496434
496486
496539
496556
496566
496823
496916
497006
497132
497236
497252
497256
497307
497354
497532
497541
497582
497595
497618
497624
497641
497744
498052
498267
498413
498494
498517
498527
498674
498801
498841
498902
498926
498949
499101
499126
499175
499192
499211
499527
499593
499612
499682
499711
499735
499737
499812
499815
499890
500000
500185
500271
500332
500517
500541
500590
500722
500773
500796
500813
501013
501016
501132
501152
501153
501214
501496
501637
501730
501743
501835
501922
502098
502206
502322
502354
502419
502487
502504
502665
502921
502964
503076
503102
503429
503608
503643
503731
503809
503969
504046
504056
504061
504075
504295
504357
505139
505378
505392
505407
505577
505742
506062
506274
506323
506345
506549
506611
506690
506780
507163
507255
507391
507555
507566
507607
507664
507853
508055
508177
508211
508385
508420
508463
508607
508667
509006
509053
509086
509266
509356
509430
509526
509550
509555
509574
509697
509723
509784
509811
509854
510159
510226
510254
510479
510643
510671
510768
511284
511397
511554
511716
511884
511889
512021
512022
512059
512181
512398
512413
512455
512641
512659
512720
512721
512850
513031
513081
513243
513285
513298
513388
513394
513399
513401
513637
513676
513727
513785
513994
514010
514073
514158
514165
514293
514413
514783
514823
514997
515067
515325
515569
515706
515765
515930
516001
516127
516531
516576
516608
516646
516696
516801
516943
516962
516976
517049
517146
517184
517214
517231
517390
517421
517432
517452
517455
517703
517713
517834
517891
517974
518008
518121
518177
518349
518450
518732
518765
518850
518933
519016
519167
519196
519339
519439
519523
519618
519801
519827
519941
519975
520046
520117
520173
520211
520219
520240
520291
520546
520688
520709
520764
520897
521007
521097
521098
521132
521318
521330
521432
521449
521478
521506
521774
521862
522004
522147
522182
522211
522378
522428
522440
522450
522626
522756
522868
523034
523480
523694
523826
523857
523916
524150
524190
524276
524449
524489
524606
524716
524738
524808
524835
524849
524960
525120
525248
525323
525434
525530
525586
525606
525934
526044
526140
526152
526677
526742
526847
526872
527196
527395
527519
527652
527713
527770
527824
527990
528032
528173
528451
528474
528526
528590
528625
528631
528641
528654
528836
528848
528855
528951
529107
529283
529309
529414
529698
529770
529880
530032
530087
530116
530164
530327
530342
530441
530480
530768
530827
530875
530948
530983
530986
531042
531044
531052
531109
531363
531499
531505
531566
531736
531842
531975
532039
532117
532392
532407
532651
532896
532906
532946
533045
533067
533083
533211
533394
533706
533744
533906
533960
533970
534032
534117
534373
534400
534457
534487
534615
534655
534791
534913
534939
534941
535058
535119
535199
535292
535293
535406
535946
536161
536197
536198
536226
536404
536477
536544
536616
536718
536896
536936
537080
537261
537403
537430
537736
537779
537840
537938
538016
538085
538184
538246
538330
538339
538497
538797
538851
539015
539035
539138
539205
539289
539454
539475
539668
539697
539726
539851
539926
540006
540185
540336
540375
540654
540870
540886
540938
541026
541038
541044
541116
541198
541427
541441
541720
541970
542016
542209
542474
542536
542636
542821
542881
542895
542955
543144
543196
543277
543391
543478
543509
543519
543537
543563
543898
544121
544125
544177
544182
544341
544368
544476
544531
544600
544664
544698
545017
545084
545087
545131
545152
545160
545260
545297
545336
545413
545791
545792
545801
546072
546079
546128
546220
546493
546726
546745
546756
546768
546895
546934
547035
547147
547209
547249
547271
547286
547471
547587
547620
547717
547792
547806
547914
548132
548158
548184
548235
548284
548311
548357
548440
548509
548579
548691
548925
548935
548938
548971
548984
549005
549017
549174
549188
549193
549212
549289
549303
549307
549318
549329
549352
549386
549801
549887
550021
550193
550210
550212
550216
550435
550466
550642
550718
550734
550991
551322
551520
551552
551711
551880
552032
552096
552433
552449
552625
552722
552768
552793
553011
553047
553089
553099
553155
553233
553298
553318
553396
553429
553558
553612
553626
553663
553705
553738
554389
554393
554549
554614
554627
554630
554663
554691
554792
554822
554879
555204
555288
555317
555348
555350
555368
555534
555938
556122
556323
556478
556515
556595
556927
557195
557257
557621
557687
557728
557883
557950
558075
558435
558542
558543
558607
558926
559319
559407
559472
559518
559606
559925
560128
560374
560581
560693
560911
561166
561212
561218
561240
561259
561297
561448
561620
561635
561679
561948
562274
562346
562433
562453
562472
562555
562599
562665
562696
562727
562837
562848
562855
563015
563165
563318
563399
563432
563441
563477
563493
563568
563588
563658
563865
564037
564145
564196
564305
564396
564411
564474
564494
564616
564842
564865
565003
565011
565149
565204
565364
565396
565430
565436
566090
566242
566406
566461
566523
566537
566580
566756
566840
566850
566857
567108
567360
567416
567778
567786
567819
567826
567872
568252
568344
568608
568671
568788
569047
569103
569112
569114
569144
569275
569340
569441
569664
569798
569824
569850
569932
569944
569949
569961
570045
570143
570235
570382
570596
570662
570715
570865
571040
571067
571174
571220
571308
571352
571445
571485
571590
571664
571675
571811
571818
571882
572016
572249
572338
572356
572635
572714
572726
572767
572860
572911
573064
573065
573211
573339
573388
573486
573509
573646
573666
573750
573767
573803
573924
574133
574200
574346
574369
574502
574690
574715
574962
575235
575303
575355
575394
575516
575561
575781
575819
575827
575870
575932
575988
576016
576028
576219
576221
576236
576479
576522
576549
576569
576659
576687
576721
576764
576815
576846
577224
577377
577388
577948
578115
578159
578175
578323
578392
578410
578450
578506
578621
578637
578719
578766
578798
578815
578908
579021
579071
579210
579236
579328
579456
579471
579619
579738
579764
579767
580154
580409
580437
580506
580515
580533
580811
580984
581001
581013
581030
581184
581189
581292
581313
581388
581409
581593
581740
581768
581783
581821
581830
581874
581934
581972
582103
582217
582235
582502
582555
582760
582781
582953
582976
583258
583369
583371
583405
583424
583433
583473
583475
583501
583680
583690
583813
583923
584190
584261
584478
584532
584695
584744
584842
585033
585044
585109
585212
585236
585259
585300
585489
585590
585721
585909
586243
586560
586574
586586
586631
586661
586934
587206
587274
587329
587535
587556
587590
587623
587826
587871
588038
588244
588675
588678
588835
588941
589344
589474
589708
589831
589912
590073
590294
590428
590456
590756
590770
590775
590782
590785
590911
591030
591219
591304
591425
591516
591578
591623
591732
591781
591922
592004
592023
592075
592280
592287
592335
592361
592467
592498
592585
592730
592848
592927
592955
593008
593085
593111
593138
593397
593446
593494
593609
593715
593719
593935
593981
594114
594118
594371
594577
594581
594608
594692
594813
594874
594979
595072
595095
595151
595232
595325
595582
595616
595785
595916
595959
596326
596362
596469
596481
596779
596903
596911
596924
596972
597103
597203
597219
597350
597382
597419
597517
597603
597657
597737
597833
598128
598241
598280
598317
598359
598361
598377
598452
598479
598485
598805
598826
598900
599075
599163
599293
599390
599524
599592
600066
600110
600249
600279
600539
600556
600627
600757
600764
600797
600833
600839
600861
600980
600991
601033
601099
601218
601268
601290
601329
601418
601625
601948
601973
601983
602017
602065
602252
602334
602383
602502
602615
602625
602727
602743
602757
602844
603247
603248
603285
603446
603458
603554
603654
603718
604113
604270
604290
604393
604426
604605
604716
604818
604871
605027
605083
605248
605375
605409
605481
605893
605895
606150
606526
606699
606707
606783
606825
606966
607009
607055
607075
607082
607121
607148
607249
607298
607356
607405
607452
607593
607772
608049
608055
608149
608230
608276
608319
608528
608534
608607
608687
608706
608774
608893
608911
608960
608978
608990
609060
609082
609144
609166
609182
609423
609456
609562
609614
609628
609664
609718
609765
609802
609821
609908
609982
610021
610077
610115
610120
610243
610314
610395
610536
610607
610626
610784
610796
610983
611142
611150
611238
611317
611421
611577
611587
611731
611776
612217
612303
612516
612532
612554
612633
612670
612691
612825
612828
612880
613011
613189
613192
613256
613269
613291
613382
613530
613576
613893
613989
614144
614253
614267
614507
614576
614595
614605
614615
614759
614865
615055
615104
615180
615243
615290
615364
615422
615500
615520
615717
615735
615797
616023
616066
616079
616128
616163
616228
616249
616253
616333
616350
616441
616550
616738
616740
616773
616874
617041
617113
617232
617337
617407
617447
617599
617621
617681
617742
617935
617965
618114
618240
618444
618526
618653
618692
618731
618916
618947
618955
619029
619258
619336
619478
619602
619771
619993
620106
620222
620346
620361
620829
620911
620913
620978
621184
621208
621236
621324
621332
621335
621341
621546
621608
621749
621764
621793
621810
621842
621908
621968
622199
622383
622406
622494
622509
622843
622935
622948
623030
623099
623504
623512
623586
623834
623855
624069
624485
624496
624529
624550
624577
624771
624829
624849
624881
624906
624910
625136
625378
625443
625660
625951
625963
625970
626109
626168
626263
626306
626417
626548
626615
626635
626944
626972
627028
627055
627096
627241
627266
627286
627325
627415
627542
627607
627616
627796
628086
628151
628325
628602
628702
628872
628951
628989
629214
629248
629557
629700
629701
629718
629889
629893
630046
630064
630200
630429
630488
630533
630629
630651
630715
630796
630907
630961
630986
631036
631189
631253
631333
631715
631835
631866
631927
632073
632134
632147
632150
632247
632305
632346
632596
632772
632833
632846
632964
633017
633025
633158
633347
633414
633647
633787
633801
633893
634026
634101
634118
634185
634203
634354
634355
634508
634511
634753
634862
634868
634871
634970
634993
635078
635174
635297
635389
635420
635463
635491
635514
635661
635763
635909
636068
636146
636268
636327
636411
636421
636936
637357
637467
637494
637942
638371
638729
638792
638851
638870
638932
639038
639136
639152
639205
639350
639403
639455
639524
639715
639816
639885
639887
639954
640080
640249
640335
641133
641264
641282
641342
641485
641486
641526
641615
641785
641870
642005
642051
642086
642087
642171
642185
642233
642315
642484
642610
642611
642644
642692
642966
643008
643026
643214
643219
643322
643414
644110
644112
644342
644352
644353
644388
644476
644533
644615
644724
644745
644835
644908
644924
645036
645193
645227
645393
645580
645747
645793
645805
645839
645959
645983
646655
646677
646982
647068
647154
647465
647494
647716
647751
647790
647806
647836
647860
648135
648240
648256
648305
648346
648356
648435
648664
648665
648732
648743
648804
648921
649036
649106
649238
649352
649396
649510
649596
649752
649814
649874
649915
649985
649988
650000
650077
650108
650327
650371
650386
650877
651163
651376
651453
651598
651785
651958
652218
652219
652234
652256
652278
652354
652411
652428
652447
652499
652686
652710
652727
652849
653084
653098
653108
653292
653396
653472
653493
653544
653657
653813
653815
654112
654192
654211
654286
654354
654411
654446
654597
654643
654673
655004
655241
655266
655279
655338
655377
655453
655455
655472
655921
655994
656026
656036
656065
656090
656120
656145
656323
656544
656547
656861
657047
657182
657331
657383
657395
657423
657507
657726
657892
657899
657909
658000
658033
658139
658465
658492
658853
658971
659017
659063
659096
659141
659150
659209
659213
659225
659298
659704
660053
660320
660336
660356
660492
661192
661297
661319
661474
661556
661571
661644
661657
661673
661693
661786
661819
662056
662085
662179
662238
662376
662679
662890
663184
663231
663246
663292
663461
663562
663594
663612
663688
663690
663732
663766
663770
663844
663945
664165
664354
664682
664719
664825
664845
664910
664950
665033
665150
665223
665351
665383
665424
666002
666012
666031
666101
666196
666351
666366
666395
666590
666623
666676
666698
666735
666850
666898
666933
667100
667503
667515
667721
667791
667912
667971
667977
668103
668251
668285
668287
668304
668325
668501
668648
668664
668836
668841
668847
669027
669099
669106
669116
669146
669448
669601
669618
669743
669746
669793
669802
669821
669942
669967
669984
670073
670145
670187
670346
670349
670621
670850
670927
670960
670996
671327
671405
671476
671584
671633
671653
671656
671834
672116
672128
672206
672595
672946
672971
673626
673662
673700
673880
673956
673968
674043
674065
674069
674107
674197
674242
674477
674510
674554
674626
674634
674652
674938
675014
675018
675101
675160
675255
675311
675500
675567
675612
675880
676005
676056
676060
676069
676157
676163
676252
676272
676330
676386
676471
676590
676591
676612
676648
676802
676873
676938
677112
677123
677161
677163
677175
677203
677264
677288
677365
677628
677631
677806
677897
677952
678020
678101
678218
678335
678420
678560
678627
678653
678688
678757
678804
678843
678870
678933
679007
679266
679428
679463
679501
679552
679582
679656
680006
680160
680205
680298
680444
680472
680649
680709
680745
680885
681029
681127
681195
681290
681308
681335
681416
681481
681657
681759
681969
682021
682124
682210
682333
682342
682478
682622
682726
682965
682967
683019
683080
683288
683307
683400
683404
683482
683641
683731
683734
683750
684002
684019
684022
684400
684560
684611
684679
684773
685002
685196
685215
685460
685486
685552
685634
685690
686004
686176
686248
686264
686363
686527
686630
686849
686868
686875
687013
687064
687189
687257
687416
687434
687634
687669
687718
687783
687810
687813
687820
687918
688238
688582
688632
688736
688811
689005
689103
689162
689361
689454
689484
689498
689728
689807
689969
690233
690399
690573
690646
690733
690817
690836
690902
690911
690916
690972
691020
691038
691247
691331
691368
691378
691420
691495
691572
691659
691785
691860
691975
692008
692167
692266
692323
692347
692447
692610
692719
692801
692906
692911
692998
693063
693144
693285
693616
693791
693877
694335
694579
694646
694670
694945
695088
695197
695293
695408
695556
695639
695725
695734
695832
695849
696010
696113
696138
696143
696183
696289
696393
696511
696604
696673
696737
696779
696829
696988
697091
697354
697445
697712
697732
697744
697996
698216
698287
698306
698377
698396
698526
698551
698686
698876
699141
699269
699353
699448
699615
699698
699744
699782
699846
699871
699955
700083
700084
700187
700232
700426
700485
700591
700753
700794
700914
700967
701151
701152
701207
701270
701346
701471
701475
701494
701528
701535
701558
701586
701617
701660
701706
701751
701756
701932
701999
702162
702209
702520
702538
702741
702899
702984
703002
703280
703451
703522
703795
703947
704223
704259
704272
704446
704934
705094
705178
705222
705279
705355
705454
705654
705675
705919
706030
706395
706454
706709
706712
706850
706900
706916
707045
707159
707162
707196
707349
707430
707467
708243
708248
708265
708352
708354
708372
708398
708450
708563
708642
708789
708957
709014
709046
709229
709258
709521
709798
709842
709846
709880
709980
710494
710541
710739
710772
710793
711328
711417
711448
711690
711910
711920
711950
712039
712089
712227
712239
712250
712288
712331
712399
712409
712425
712573
712672
712744
712986
713107
713145
713168
713188
713301
713404
713493
713564
713770
713869
713960
714108
714378
714379
714459
714474
714559
714609
714611
714631
714635
714705
714723
714765
714895
714938
715071
715165
715379
715533
715578
715885
715893
715896
715962
716058
716073
716265
716278
716400
716450
716452
716523
716792
716961
717096
717122
717306
717346
717369
717460
717535
717546
717718
718083
718150
718204
718556
718734
718987
719009
719112
719128
719180
719189
719665
719780
720017
720144
720449
720489
720624
720741
720826
720843
720890
721147
721331
721335
721580
721647
721710
721843
721897
722139
722195
722247
722343
722383
722591
722722
722739
722746
722834
722869
722952
723089
723113
723163
723190
723223
723420
723615
723749
723843
724025
724281
724489
724515
724615
724628
724634
724745
724926
724997
725007
725017
725031
725060
725190
725207
725236
725475
725591
725620
725706
726045
726098
726302
726507
726616
726635
726801
726917
726961
726973
726994
727185
727291
727299
727562
727610
727696
727774
727790
727964
727984
728213
728266
728320
728624
728651
728720
728782
728823
728841
729285
729319
729348
729453
729563
729599
729739
729770
729772
729865
729936
729970
730030
730040
730100
730120
730135
730155
730313
730320
730500
730513
730602
730649
730682
730748
730814
730873
731105
731172
731185
731227
731232
731605
731640
731788
731901
731977
732275
732498
732777
732792
733093
733334
733376
733483
733488
733991
734037
734068
734160
734204
734265
734336
734398
734508
734582
734783
735092
735168
735281
735384
735427
735514
735547
735842
735940
736044
736194
736203
736221
736324
736325
736383
736518
736636
736824
736842
736854
736878
736926
736949
737151
737504
737593
738077
738078
738086
738340
738517
738546
738578
738593
738605
738654
738738
738757
738847
738937
738997
739234
739405
739686
739729
740409
740926
741077
741081
741129
741135
741194
741231
741357
741488
741537
741812
741903
741935
742000
742192
742281
742435
742480
742601
742602
742735
742796
742842
743039
743156
743184
743220
743244
743382
743553
743698
743710
743714
743723
743846
743959
744022
744192
744242
744359
744789
744828
744881
745060
745270
745274
745347
745402
745563
745677
745787
745842
745934
745958
746053
746184
746231
746249
746431
746501
746565
746690
746729
746739
746840
746919
747035
747145
747320
747347
747414
747550
747581
747656
747701
747724
747946
747997
748188
748250
748390
748602
748628
748737
748770
748816
748860
748976
749060
749114
749272
749546
749882
749997
750186
750366
750411
750474
750566
750571
750592
750667
750669
750730
750768
750819
750867
750872
751059
751179
751262
751268
751327
751331
751355
751613
751646
751768
751811
751861
752003
752030
752158
752251
752255
752335
752474
752493
752532
752549
752603
752611
752711
752788
752836
752850
753139
753265
753344
753404
753432
753495
753530
753798
754283
754367
754520
754568
754597
754944
755026
755407
755637
755642
755650
755691
755927
756086
756125
756438
756533
756769
756925
756953
757024
757073
757077
757143
757161
757447
757468
757503
757735
757813
757885
757935
758094
758260
758444
758474
758502
758508
758518
758581
758585
758625
758629
758748
758756
758770
759077
759131
759187
759198
759235
759297
759336
759352
759399
759441
759452
759543
759601
759865
759924
760092
760388
760394
760481
760635
760773
760969
761146
761504
761536
761785
761821
761851
761874
761995
762426
762621
762868
762918
763094
763146
763213
763577
763597
763678
763842
763862
763992
764130
764325
764393
764417
764442
764561
764581
764589
764673
764718
764827
764845
764931
765108
765143
765170
765221
765286
765412
765509
765624
765629
765706
765777
765849
765900
765914
766123
766178
766617
766728
766902
766992
767012
767121
767191
767224
767261
767289
767310
767421
767465
767626
767739
768065
768095
768130
768143
768170
768244
768247
768281
768373
768387
768401
768435
768668
768684
768788
768829
768907
769029
769033
769034
769243
769290
769329
769395
769504
769557
769596
769603
769616
769629
769680
769765
769809
769904
769925
770128
770413
770444
770517
770607
770723
770760
770826
770837
770921
771013
771050
771276
771296
771344
771430
771446
771721
771723
771836
771952
772216
772264
772365
772410
772435
772437
772492
772499
772550
772666
772679
772976
773042
773065
773105
773206
773221
773338
773365
773393
773566
773572
773575
773770
773783
773898
773951
774140
774190
774195
774429
774438
774475
774480
774553
774562
774573
774588
774592
774778
774983
775060
775061
775064
775140
775294
775424
775514
775713
775797
775807
775850
776071
776077
776316
776372
776395
776711
776909
776943
777047
777092
777429
777574
777581
777655
777671
777820
777910
778023
778066
778092
778266
778509
778543
778724
778769
778819
778890
779004
779419
779439
779486
779620
779734
779896
780029
780153
780308
780422
780432
780898
780932
780993
781016
781066
781234
781350
781513
781582
781608
781629
781907
781947
782000
782435
782475
782604
782614
782617
782624
782631
782637
782668
782944
782967
783044
783235
783367
783389
783436
783493
783544
783651
783935
783948
783966
784035
784042
784294
784464
784753
784855
784893
785104
785137
785224
785239
785350
785457
785682
786106
786198
786250
786442
786529
786559
786583
786635
786814
786830
786902
786935
786987
787024
787050
787052
787112
787184
787350
787392
787411
787765
788231
788296
788423
788484
788507
788743
788750
788835
788882
788922
789057
789133
789160
789189
789314
789443
789632
789834
789952
790693
790824
790943
791013
791038
791240
791352
791435
791477
791613
791722
791731
791759
791820
791822
792062
792145
792179
792605
792728
792760
792805
792813
792901
792909
792934
793045
793223
793246
793250
793431
793456
793540
793575
793663
793696
793846
793869
793870
794013
794041
794074
794122
794262
794402
794426
794490
794515
794602
794607
794634
794702
794844
794846
794888
795036
795106
795110
795144
795442
795516
795549
795557
795594
795832
795879
796332
796381
796977
797010
797011
797140
797371
797398
797528
797622
797628
797983
798197
798348
798355
798421
798704
798734
798790
798797
798851
798878
798887
798927
798944
799012
799129
799141
799192
799407
799607
799721
800139
800253
800533
800587
800692
800766
800773
800785
800911
801146
801247
801318
801323
801342
801353
801496
801513
801526
801637
801685
801748
801930
802005
802034
802040
802101
802217
802233
802322
802331
802348
802362
802368
802389
802571
802641
802699
802758
802900
803076
803118
803341
803503
803580
803637
803654
803741
803899
804053
804115
804149
804298
804392
804453
804517
804624
804725
804924
804929
804986
805142
805188
805226
805246
805420
805568
805576
805587
805596
805702
805839
805853
805875
805932
806050
806102
806234
806569
806600
806650
806665
806842
807043
807052
807084
807182
807287
807369
807388
807399
807463
807499
807547
807615
807628
807652
807747
807799
807808
807820
807988
808019
808254
808339
808456
808490
808600
808719
808839
808899
808921
808923
808972
809131
809276
809532
809575
809690
809728
809752
809786
809862
810068
810074
810107
810228
810243
810354
810525
810622
810682
810923
811048
811066
811069
811071
811105
811160
811229
811353
811777
811832
811878
811979
812009
812130
812302
812317
812433
812613
812630
812662
812692
812709
812739
812795
812909
812957
813113
813157
813277
813278
813402
813403
813718
813981
814006
814072
814104
814201
814208
814227
814319
814721
814970
815245
815495
815505
815513
815557
815747
815793
816078
816219
816298
816391
816633
816668
816938
817112
817381
817708
817769
817945
818062
818064
818139
818301
818334
818340
818367
818456
818465
818668
818809
818849
818887
818889
819230
819312
819448
819574
819669
819726
819969
820036
820060
820307
820484
820605
820641
820683
820744
820808
821097
821172
821267
821366
821395
821640
821911
821931
821944
822151
822331
822637
822848
822867
822906
823076
823096
823147
823218
823399
823491
823623
823913
823994
824181
824189
824446
824529
824578
824710
824876
824914
825139
825150
825159
825369
825426
825443
825456
825528
825620
825641
825676
825689
825692
825725
825784
825824
825963
826007
826256
826279
826333
826374
826390
826452
826706
826822
827015
827217
827638
827688
827703
827711
827896
828610
828611
828614
828615
828638
828643
828748
828843
829161
829195
829267
829506
829538
829594
829694
829724
829941
830099
830177
830338
830422
830620
830732
830733
830763
830803
830829
830888
831056
831163
831194
831420
831434
831483
831665
831901
832074
832202
832296
832461
832648
832667
832685
832748
832797
832831
832852
832899
833152
833206
833424
833472
833571
833655
833686
833841
834145
834341
834406
834486
834766
835008
835034
835050
835098
835148
835182
835286
835592
835671
835679
835708
835791
836053
836151
836279
836372
836473
836649
836674
836833
837093
837143
837492
837716
837853
837952
837989
838079
838201
838309
838399
838594
838919
839033
839149
839403
839501
839542
839545
839744
839805
839836
839843
839851
839864
839939
839968
840038
840044
840099
840114
840175
840247
840482
840618
840803
840816
840844
840999
841082
841089
841124
841265
841382
841660
841928
841998
842123
842306
842565
842607
842636
842722
842776
842817
842865
843021
843155
843202
843294
843399
843407
843413
843562
843693
843696
843708
843895
844044
844168
844238
844266
844385
844499
844650
844904
845079
845207
845208
845390
845405
845471
845605
845706
845809
845819
845996
846179
846287
846379
846402
846752
846923
846960
846965
847025
847262
847337
847596
847869
848029
848142
848211
848227
848307
848593
848621
848747
848950
849079
849129
849158
849245
849296
849379
849410
849483
849525
849949
850239
850264
850283
850363
850413
850437
850462
850519
850601
850692
850705
850841
850885
851156
851862
851900
851988
852215
852227
852229
852252
852512
852547
852592
852628
853028
853089
853276
853424
853652
853657
853674
853689
853716
853738
853868
853917
853931
853963
853993
854004
854033
854161
854343
854500
854522
854564
854816
854833
854872
854896
854908
854954
855033
855243
855279
855321
855364
855394
855408
855553
855571
855754
855766
855908
855957
856426
856543
856655
856775
856821
857063
857096
857158
857312
857372
857478
857601
857782
857839
857865
858019
858087
858167
858234
858461
858651
858848
858859
858865
859229
859308
859593
859633
859964
860094
860240
860420
860461
860642
860725
861049
861178
861211
861327
861488
861718
861730
861834
862244
862330
862361
862445
862592
862616
862660
862773
862789
862812
862847
862878
862921
863017
863022
863163
863178
863203
863283
863332
863428
863458
863586
863639
863697
863760
863833
863900
863923
863957
864421
864627
864738
864799
864917
864921
864939
865042
865313
865382
865399
865493
865536
865557
865757
865891
865987
866093
866207
866269
866507
866543
866767
866958
867220
867222
867244
867352
867440
867448
867452
867561
867692
867791
867811
867925
868277
868291
868446
868551
868554
868601
868648
868767
868790
869033
869066
869086
869113
869158
869228
869255
869415
869416
869507
869811
869971
870097
870421
870463
870613
870735
870777
870841
870902
870907
871061
871101
871279
871298
871384
871554
871629
871742
871884
871925
872044
872117
872141
872170
872198
872348
872435
872585
872789
872916
873145
873221
873353
873552
873572
873893
874220
874268
874520
874576
874621
874766
874811
874837
874921
874959
874965
875061
875166
875227
875244
875272
875273
875548
875581
875665
875739
875806
875881
876090
876363
876401
876418
876434
876444
876459
876471
876692
876699
876780
877066
877081
877180
877365
877716
877800
877805
877907
878117
878153
878206
878449
878505
878676
878689
878816
878865
878920
878944
879211
879237
879243
879402
879433
879508
879540
879921
880005
880102
880330
880334
880471
880614
880620
880631
880674
880841
880955
880969
880987
881194
881208
881364
881553
881623
881928
881933
881951
881954
882147
882149
882312
882314
882363
882664
882805
883070
883155
883209
883260
883321
883366
883578
883694
883695
883751
883797
883947
883949
883979
884294
884407
884505
884707
884851
885003
885104
885172
885205
885295
885331
885384
885496
885604
885646
885829
885838
885888
885931
885933
885970
886029
886088
886094
886237
886569
886778
886795
886976
887320
887340
887359
887464
887575
887742
887786
887912
887943
888140
888414
888570
888698
888756
888797
888816
888822
888863
889132
889152
889373
889400
889404
889636
889943
889946
889966
890025
890217
890503
890546
890549
890601
890660
890876
890885
891062
891099
891170
891433
891592
891628
891739
891812
891838
891935
891992
892039
892183
892195
892260
892423
892460
892500
892568
892636
892814
892850
892949
893099
893348
893581
893646
893979
894207
894293
894377
894411
894414
894546
894691
894695
894703
894891
894915
894994
895103
895120
895144
895267
895317
895439
895442
895553
895744
895756
896211
896229
896474
896488
896493
896496
896645
896978
897112
897174
897393
897460
897718
897813
898345
898454
898648
898734
898752
898812
898849
899020
899128
899151
899342
899371
899380
899499
899512
899618
899753
899813
899824
899983
900129
900135
900275
900309
900440
900450
900480
900572
900644
900678
901062
901118
901225
901243
901283
901351
901370
901619
901687
901917
901947
902167
902197
902234
902247
902404
902430
902638
902695
902789
902790
902973
902978
903149
903209
903581
903807
903964
904298
904412
904735
904761
904954
905032
905060
905080
905082
905089
905223
905241
905303
905511
906014
906071
906103
906168
906253
906315
906433
906542
906664
906752
906824
906893
906981
907013
907194
907460
907474
907523
907550
907780
908465
908695
908717
908770
908839
909003
909070
909135
909233
909285
909342
909364
909705
909746
909775
909940
910059
910125
910151
910160
910233
910253
910303
910389
910509
910690
910743
910784
910841
911058
911159
911204
911215
911271
911378
911573
911586
911654
911722
911834
911937
911941
912139
912182
912446
912500
912568
912715
912779
912871
912936
913010
913216
913466
913505
913735
913816
913907
913986
914106
914197
914224
914360
914583
914895
914905
915057
915128
915214
915315
915371
915439
915520
915584
915590
915599
915670
915942
916010
916054
916142
916207
916529
916559
916587
916674
916704
916746
916867
916946
917255
917360
917478
917485
917590
917625
917690
917720
917757
918075
918187
918379
918399
918455
918523
918553
918836
918910
918986
919157
919270
919380
919458
919532
919994
920220
920274
920487
920720
920750
920794
920821
920840
920898
920987
921045
921120
921150
921431
921593
921650
921718
921741
921760
921870
921899
922005
922288
922487
922589
922671
923010
923196
923238
923294
923403
923407
923416
923436
923598
923614
923767
923898
923949
923958
923977
924198
924234
924290
924352
924514
924576
924679
924761
924808
924841
925001
925210
925315
925397
925418
925487
925545
925663
925665
925779
925862
925961
926075
926088
926096
926136
926213
926268
926290
926685
926760
926810
926812
926861
927005
927048
927116
927501
927588
927717
927833
927882
927915
927918
927976
928180
928210
928311
928361
928394
928546
928706
928746
928780
928794
928817
929238
929249
929276
929289
929340
929355
929424
929494
929560
929669
929956
930035
930106
930316
930578
930588
930648
930755
930768
930786
930826
930861
931553
931587
931600
931625
931809
931842
931897
932165
932376
933103
933115
933579
933586
933654
933720
933847
933889
933974
934336
934476
934509
934884
934894
935077
935092
935179
935211
935261
935294
935364
935387
935410
935420
935430
935533
935667
935875
935916
935990
936064
936160
936186
936250
936420
936426
936429
936571
936704
936717
936824
936903
936958
937091
937277
937580
937764
937769
937809
937891
938216
938406
938493
938759
938774
938777
938846
938966
939112
939115
939262
939281
939600
939738
940200
940217
940363
940593
940681
940708
940803
940827
940874
940915
940989
941019
941058
941186
941257
941562
941630
941881
941898
941911
942037
942352
942389
942392
942534
942625
942655
942683
942766
942996
943241
943352
943579
943631
943981
944017
944096
944097
944189
944198
944201
944320
944623
944717
944778
944818
944939
945341
945347
945377
945500
945513
945541
945553
945557
945679
945723
945758
946146
946329
946469
946502
946552
946553
946625
946973
947030
947084
947204
947250
947313
947362
947408
947431
947474
947494
947727
947772
947776
948036
948049
948072
948203
948221
948249
948578
948616
948844
949010
949176
949660
949710
949823
949914
949925
950042
950113
950116
950161
950191
950529
950559
950577
950622
950650
950667
950767
950786
950932
951037
951063
951104
951160
951404
951482
951671
951709
951806
951878
952122
952135
952137
952182
952207
952241
952243
952403
952518
952630
952755
952814
952924
953041
953197
953349
953820
953861
954371
954493
954533
954567
954570
954576
954614
954694
954796
954899
954944
955185
955353
955401
955504
955571
955581
955872
955898
956086
956135
956178
956431
956442
956484
956680
956740
956741
956763
956773
956777
956967
956993
957015
957049
957071
957105
957245
957363
957449
957644
957779
957784
957796
957838
958095
958127
958146
958149
958242
958302
958324
958552
958662
958728
958822
959108
959229
959370
959394
959400
959552
959655
959909
960111
960211
960263
960350
960353
960442
960518
960650
961045
961064
961080
961116
961270
961285
961483
961594
962127
962524
962700
962723
962801
962814
963224
963332
963434
963479
963750
963775
963844
963874
963929
964122
964196
964223
964372
964535
964540
964565
964674
964773
964860
965154
965353
965457
965583
965937
965948
966028
966058
966104
966447
966823
966869
966871
967006
967279
967323
967390
967417
967493
967511
967552
967851
967987
968167
968231
968234
968341
968353
968483
968601
968647
968736
968849
968922
968968
969115
969150
969166
969240
969422
969458
969487
969489
969686
969765
969770
969881
970006
970007
970483
970633
970840
970859
970878
971028
971079
971172
971297
971358
971376
971380
971523
971602
971617
971698
971897
971956
972132
972207
972397
972936
973028
973069
973182
973338
973399
973444
973470
973571
973725
973939
973977
974002
974110
974197
974210
974341
974653
974832
974902
975074
975125
975182
975333
975334
975447
975607
975732
975746
975756
975866
976002
976141
976219
976405
976495
976569
976613
976615
976641
976680
976817
976979
977016
977086
977151
977291
977480
977555
977745
977773
977928
977956
978098
978107
978431
978497
978525
978803
978886
979337
979522
979576
979582
979615
979753
979842
979858
979896
979919
979936
980013
980016
980112
980157
980162
980188
980236
980328
980539
980555
980562
980576
980709
980726
980765
980943
981056
981113
981124
981308
981402
981421
981518
981592
981844
981869
981965
982037
982139
982152
982264
982290
982299
982402
982448
982692
982701
982782
982888
982891
983050
983093
983174
983277
983294
983388
983697
983706
984022
984160
984271
984318
984393
984428
984603
984738
984764
984812
984870
985238
985256
985444
985455
985506
985585
985644
985654
985787
985797
985897
986050
986418
986468
986547
986734
986739
986745
986789
986800
986936
986941
987227
987258
987360
987586
987621
987624
987984
988029
988048
988112
988294
988341
988372
988658
988671
988748
988830
988868
988871
988962
989021
989188
989200
989281
989349
989800
989807
989843
989930
989977
989985
990023
990110
990365
990438
990472
990497
990615
990643
990660
990741
990771
990799
990901
991156
991260
991317
991652
991880
991927
991956
992117
992161
992197
992203
992229
992291
992377
992429
992432
992996
993022
993034
993228
993317
993497
993502
993513
993712
993721
993752
993756
993939
994111
994210
994267
994283
994309
994438
994588
994700
994734
994765
995015
995034
995079
995247
995293
995330
995583
996234
996254
996283
996425
996466
996561
996594
996702
996956
996985
997074
997312
997429
997520
997669
997837
997937
998075
998078
998222
998240
998349
998383
998475
998667
999278
999445
999547
999756
999813
999861
999989
